13,13,13,13,14,14,15,16,17,18,19,20,21
13,14,15,16,16,17,18,18,19
6,6,7,7,8,8,9,10
1,1,1,2,2,3,3,4,4
10,11,12,13,14
11,12,13,14,15,15,16,17,17,18,19,20
2,3,4,5,5
14,15,15,16,16,17,17,18,19,20,21,22,22,22
1,2,3,4
15,16,17,18,19,20,20,21,21,21
14,15,15,15,16,17,18,19
13,14,15,16,16,17,17,18,18
5,6,7,8,9,10,10,11,12,13,14
6,7,7,8,9,10,11,11,12,13,14,14,15
12,12,13,13,14,15,16,17,17,18,19,20,21
13,14,15,15,16,17,18,18,19,20,20,20,20
7,8,9,10,11,12,13,14
9,10,11,12,12,13,14
2,2,2,2,2
11,11,12,12,13,14,14,14,15,16,17